list(
tau.v = 10,
tau.w = 0.01,
gamma = c(
6.746172360912836,6.369477092563383,6.010763846829277,6.352324583215466,6.395128979311433,
6.048863626543015,5.600885310634101,5.707615468728465,5.479665370839361,5.556338991367709,
5.491230976153827,5.304445218838765,5.059189006229148,5.432514840674349,5.407994508406973,
5.697954508375667,5.134584415374748,5.321745417662246,5.451502191305253,5.110276845349181,
5.014891306034059,4.679170977130794,4.670390334884904,4.273940145925184,4.338308130468858,
4.084335187156176,3.674138953960861,3.631081377145081,3.610026552167838,3.097263471750492,
2.468709757980699,2.590837995935148,2.976755819168642,3.152024113679664,3.391513190948358,
3.558398330215752,3.587642148794134,3.687420723776006,3.485205968981307,3.652018853000566,
3.398277705959925,3.727398830488767,3.644373359349343,3.522314346067686,3.325817003142868,
3.244703145420423,3.25273039955422,2.736644736712628,2.848193074729443,3.043658271476828,
3.318781372763248,3.526594135513808,3.883467862238725,4.092179810432495,3.68155973460005,
3.636909965347928,3.627585723751488,3.128333146844943,3.070798147343928,3.197895389934124,
3.511904839822241,3.809408080763641,3.98100404434044,4.237972469837383,4.834401405501463,
4.593509182031345,4.815634921589584,4.645225236589686,4.456073502970748,4.492822073391041,
4.52053710558393,4.287814164596524,4.044198873364524,3.72760209453585,3.813434083798209,
3.636110918815765,3.709092790310132,3.564595896672905,3.857967645883277,4.080637753675747,
3.761312836770802,3.58663001854182,3.179109767914188,3.058933531704591,3.02547581138571,
2.912997180553847,2.661240002745107,2.467363505884823,2.256918114193258,2.284292359053079,
2.351967033061142,2.343340727630999,2.596684659153006,2.840962564707899,3.040921196777078,
3.304662056245438,3.490992126310181,3.217281223206711,3.329780798353442,3.480276876469088,
3.593461391480919,3.869367583269284,3.915646332212204,3.767123931393618,4.035709603928948,
3.878275526782649,3.579376118685403,3.847218822660216,3.961634537775516,3.829467074620779,
3.931573963167024,3.899289236460008,3.902541334940099,4.118420373033485,4.061902672526909,
4.154292566610976,4.079772259412436,3.862214481697771,3.644239923383534,3.680136008061025,
4.035367350600809,4.271962518162121,4.880521584676736,5.536309000205768,5.412398201898488,
5.795831914373514,6.241715395289041,6.655936166594758,6.310865006659663,5.917968488987026,
5.890414669271087,6.193241901121648,5.836385819747241,5.767159028814623,5.397548005102323,
5.207004793678361,5.456115179186353,5.291147936922554,5.207795914047868,5.128542769946558,
5.301585497101726,5.200996902153817,5.445243975260823,5.488055852789008,5.01602768963413,
5.016766553639412,4.768627535046209,4.961289313155995,4.727051689196448,4.346089344280307,
4.733381272284658,4.559373074904662,4.47287101184725,4.233644116160765,3.872941417928865,
3.739507868926971,3.049988246748793,2.920843246308077,3.128225395359097,3.210460695313637,
3.193442391243739,3.267255155136097,3.022183592271014,3.311469905384483,3.298508260033598,
3.305570395047893,3.771170222473786,3.529799970423527,4.32163028135244,4.177561764361534,
4.289271962447329,3.828766692996663,3.8580994196432,3.935349411886056,3.969114476377591,
3.669318111000111,3.239477944392127,3.245274940852322,3.646603469657987,3.416647624900715,
2.960814930860932,2.653875892281256,2.600941716854634,2.890205217802435,3.334178892181047,
3.345019961698819,3.136983137241747,2.907950062025168,2.566640407979313,2.666550454506949,
2.749758557407918,2.824073567124399,3.003009351098239,3.024176680903494,3.027838137336746,
2.985382642464252,2.751790346835838,2.875562844323547,3.399001202716371,3.457991681939038,
3.750898951343916,3.619096578660728,3.909422638688439,4.26470234691752,4.436342316039265,
3.979179950027721,3.952950346448178,3.72569870373775,3.759497497912424,3.497838253934773,
4.25733268717264,4.394724599101393,4.511108840376583,4.012272107992401,4.226437335409644,
3.835316802214121,4.102525068010287,4.219839058977486,4.268619381235688,4.2200456511308,
4.253909922242827,4.031022636106213,4.423468424847674,4.493018763220984,4.520275215485378,
4.577245926897052,4.392987237163688,4.50497591222654,4.187847399319068,3.913990810499178,
3.825176050675047,4.056281156173538,3.983222133153086,4.005257833741066,4.086310123114787,
4.280631509107283,3.799522573236781,4.246033193316031,4.349103290389899,4.180018685307282,
5.14836277056826,5.400220405009323,5.150602167742183,5.243594630403795,5.847089618192661,
5.72328191169532,5.406172235076896,5.37044102610297,5.441128215404142,5.125655634948375,
5.489844881939325,5.350249827571749,5.205370912974085,5.593034667620216,5.701293216722705,
5.727378786694529,5.39611478478523,5.824248937092021,5.916783850141333,5.727388762440659,
5.514341078359688,5.448446153485801,5.097394973314733,4.336910514703412,4.304816752698897,
4.079840153543604,4.217731026939314,4.620735810075489,4.441027090270337,4.656749061275,
4.791941944791883,4.482928942436774,4.236909061233977,4.130305126728295,4.506875184682337,
5.003303948197796,4.830221292149417,4.502695603837513,4.220589900357085,4.12551705432135,
4.3462292428515,4.468228967672556,4.455173665809159,4.504258554213039,4.370845582124925,
4.668791626616705,4.569235873311385,4.671587596124787,4.491440336300998,4.125411946223329,
4.458142688721219,4.211216932581916,4.682744097289098,4.300251524158587,4.211816020842549,
4.67333203507158,4.6166331829909,3.983404689003105,4.132057296307533,4.131080076472766,
4.58422184047185,4.73675210006492,4.953958780136045,4.943312405503606,4.839394613615871,
4.947437853740186,4.795852488870824,4.75737136421376,4.437608503115551,4.220116393232545,
3.911958525586537,3.902991597902075,4.316447368855327,4.757545643133937,5.193001309364803,
5.386403704962962,4.813030082922007,4.800718546411522,4.330220160442879,5.024992915310448,
4.943784916373635,4.65114864071515,4.702109529878774,4.718855869567138,4.893648777472771,
4.788278115712236,4.992227677176033,4.962835709223464,5.196215670187907,5.442154821974889,
5.45667772877119,5.46149921510531,5.732033435562056,5.525417348168672,5.543598158757376,
6.119350384533124,6.316115927888463,6.290476165959652,6.195626519347875,6.335780085634554,
5.963576039921101,5.318360339273176,5.82484512877351,5.965050595690486,5.627888241281773,
5.65483395881005,5.660636143137036,5.991409813600092,6.013790469026579,5.735341383482284,
5.566509665163826,5.504648190324575,4.953920727805049,5.433828103820311,5.658474053154166,
5.333830024203196,5.393753379796519,5.742736282120455,5.580003955173932,5.891451158992772,
6.526386086400792,6.537718116102653,6.624138120361744,6.924984574245319,6.684109645612994,
6.843309537395579,7.505170066950135,7.678184256346753,7.142977788301077,6.872047860532286,
6.803804280461666,6.821558061034154,7.10282107395539,7.034355220844845,7.057872245439967,
7.104191258758688,7.056765384567228,6.314048512730213,6.132325745546834,5.847734651344966,
5.986000525525729,6.010849287152038,5.710769542251183,5.719263739143476,5.826286213425973,
5.16593899780237,5.152412883402655,5.52506276136058,5.630191202706333,5.213766299630674,
5.591636836031438,5.69393459230532,5.433121430904409,5.52702660716288,5.413442887859954,
5.349991605153713,5.604347672547102,6.490833496682009,6.542017088165238,6.437737651482019,
6.582117334590781,6.596734934235696,7.475578647921731,7.660186745155302,7.391563932702933,
7.380968348340811,7.483919025821822,7.486780322983613,7.193355605006962,7.231601988122561,
7.085658946467295,6.998687338280637,7.105158453056853,6.94666125529222,6.907903220410414,
6.953360005908243,6.584236378977134,6.403716108160594,6.47659720306209,6.478513511898261,
6.476674101667339,6.69246915649624,7.19876870463091,6.617376838046122,6.818182726374316,
6.783971514294368,6.379300096987696,6.393255323200605,5.549179501352189,5.724059338829245,
5.824606189621645,5.707798093436903,5.47857507671507,5.919492796078164,5.849229345791338,
