list(T = 1461, y = c(66, 49, 35, 40, NA, NA, 22, 32, 17, 14, 17, 18, 20, 21, 26, 27, 29, 23, 23, 16, 24, 20, 24, 24, 29, 23, 25, 23, 28, 28, 38,	49, 51, 48, 46, 55, 41, 37, 24, 33, 75, 76, 70, 46, 55, 61, 29, 24, 24, 28, 21, 19, 26, 23, 32, 19, 17, 15, 13, 34, 68, 45, 32, 45, 35, 	37, 35, 43, 34, 36, 49, 42, 40, 51, 24, 20, 22, 30, 33, 32, 16, 25, 27, 28, 31, 34, 33, 35, 24, 28, 21, 22, 20, 17, 19, 32, 36, 42, 31, 	20, 19, 21, 49, 62, 74, 31, 17, 12, 20, 27, 18, 18, 22, 19, 18, 38, 33, 39, 65, 75, 81, 22, 23, 27, 27, 22, 29, 28, 30, 47, 55, 55, 47, 	31, 21, 20, 32, 26, 22, 20, 25, 25, 40, 55, 42, 37, 16, 24, 23, 25, 19, 26, 34, 34, 46, 38, 50, 33, 59, 100, 55, 19, 14, 31, 23, 26, 23,	24, 20, 16, 19, 21, 37, 25, 34, 30, 30, 24, 48, NA, NA, 48, 54, 21, 23, 20, 22, 18, 22, 16, 14, 14, 17, 23, 22, 22, 21, 17, 16, 19, 30, 	20, 24, 20, 12, 13, 16, 15, 14, 18, 20, 14, 12, 17, 18, 18, 14, 20, 15, 14, 17, 14, 23, 15, 20, 41, 32, 24, 26, 36, 50, 24, 23, 9, 15, 	17, 19, 18, 17, 19, 36, 21, 20, 37, 30, 24, 18, 18, 35, 44, 25, 25, 17, 20, 19, 22, 17, 24, 19, 18, 23, 28, 30, 18, 24, 27, 38, 30, 17, 	16, 27, 25, 18, 16, 18, 20, 19, 23, 24, 20, 22, 18, 21, 25, 22, 13, 16, 25, 23, 18, 18, 30, 37, 20, 24, 20, 17, 22, 19, 15, 23, 35, 48, 	42, 51, 75, 81, 46, 81, 43, 44, 35, 33, 12, 21, 17, 9, 7, 35, 59, 37, 48, 53, 26, 30, 44, 48, 57, 36, 47, 31, 77, 40, 26, 21, 19, 18, 	16, 18, 12, 15, 17, 26, 18, 15, 11, 14, 20, 11, 23, 20, 11, 10, 17, 21, 15, 15, 14, 21, 16, 29, 24, 21, 12, 14, 17, 18, 16, 16, 16, 23, 	38, 42, 16, 14, NA, NA, NA, 30, 26, 19, 25, 22, 29, 31, 24, 15, 11, 23, 13, 28, 14, 28, 18, 13, 23, 20, 33, 26, 33, 23, 16, 19, 23, 29, 	34, 35, 32, 26, 50, 43, 46, 43, 68, 75, 46, 40, 40, 44, 41, 56, 33, 19, 18, 22, 20, 22, 27, 17, 18, 15, 11, 16, 26, 21, 16, 17, 26, 12, 	19, 23, 14, 14, 19, 30, 23, 10, 23, 13, 23, 26, 19, 30, 31, 18, 13, 13, 13, 8, 16, 17, 16, 17, 11, 19, 31, 37, 21, 20, 24, 22, 14, 25, 	39, 41, 35, 34, 22, 15, 22, 27, 19, 17, 38, 24, 17, 30, 31, 20, 21, 24, 18, 16, 25, 34, 57, 32, 39, 34, 17, 26, 20, 26, 23, 25, 24, 16, 	25, 30, 34, 19, 19, 18, 19, 17, 29, 39, 27, 25, 15, 14, 19, 16, 20, 24, 20, 23, 28, 52, 39, 22, 27, 27, 26, 18, 20, 26, 20, 33, 54, 28, 	15, 26, 33, 27, 37, 50, 50, 32, 25, 22, 19, 34, 26, 32, 24, 44, 58, 36, 37, 24, 28, 17, 24, 29, 29, 50, 48, 33, 52, 49, 25, 31, 26, 35, 	47, 25, 21, 24, 31, 41, 22, 30, 16, 21, 23, 28, 29, 31, 20, 18, 35, 39, 12, 24, 19, 20, 20, 38, 32, 19, 21, 20, 11, 15, 17, 26, 38, 25, 	26, 28, 13, 19, 26, 23, 17, 19, 13, 17, 16, 20, 32, 15, 19, 16, 17, 19, 17, 40, 42, 34, 42, 36, 46, 31, 27, 30, 23, 36, 19, 13, 18, 27, 	24, 33, 29, 41, 51, 66, 47, 43, 93, 56, 19, 21, 42, 49, 35, 30, 14, 15, 22, 17, 18, 18, 23, 18, 7, 18, 29, 44, 37, 28, 35, 37, 29, 35, 	28, 38, 36, 20, 18, 13, 25, 24, 22, 23, 18, 27, 46, 55, 29, 44, 58, 41, 36, 37, 51, 48, 50, 35, 26, 19, 16, 19, 18, 16, 53, 16, 17, 22, 	19, 30, 44, 29, 21, 12, 22, 34, 32, 33, 91, 27, 13, 9, 7, 9, 12, 16, 15, 11, 18, 59, 25, 18, 30, 34, 14, 22, 20, 18, 25, 32, 14, 15, 27,	25, 17, 19, 23, 15, 10, 12, NA, NA, NA, 14, 18, 17, 26, 18, 19, 33, 23, 24, 22, 21, 27, 16, 26, 27, 13, 24, 21, 20, 24, 20, 17, 18, 15, 	25, 14, 20, 19, 19, 18, 20, 24, 21, 13, 12, 18, 22, 14, 20, 17, 19, 24, 30, 37, 18, 45, 50, 18, 17, 17, 19, 12, 22, 29, 33, 36, 41, 19, 	18, 18, 17, 30, 35, 34, 33, 47, 33, 36, 32, 29, 35, 23, 30, 34, 43, 34, 25, 29, 24, 23, 14, 15, 18, 23, 30, 19, 20, 46, 59, 46, 30, 29, 	36, 40, 50, 66, 77, 72, 69, 69, 43, 12, 21, 25, 18, 18, 21, 22, 26, 39, 18, 21, 21, 22, 28, 34, 51, 41, 22, 20, 25, 22, 25, 21, 30, 20, 	21, 19, 14, 24, 19, 20, 21, 23, 24, 19, 17, 26, 28, 33, 30, 17, 22, 21, 21, 27, 20, 28, 14, 19, 27, 39, 33, 31, 62, 28, 21, 31, 23, 24, 	25, 15, 33, 35, 47, NA, NA, 28, 23, 23, 20, 19, NA, NA, NA, 20, 18, 22, 33, 50, 40, 25, 32, 21, 37, 64, 69, 44, 38, 27, 25, 25, 22, 23, 	35, 48, 59, 66, 22, 28, 53, 49, 35, 46, 46, 38, 36, 54, 50, 30, 29, 24, 26, 16, 24, 32, 24, 30, 32, 11, 26, 22, 21, 25, 24, 20, 17, 17, 	14, 22, 22, 27, 20, 22, 25, 33, 21, 28, 35, 18, 13, 19, 15, 14, 19, 22, 25, 15, 28, 22, 25, 20, 22, 24, 27, 36, 31, 51, 53, 56, 53, 25, 	27, 30, 19, 23, 24, 24, 28, 32, 41, 24, 36, 22, 34, 26, 39, 67, 38, 10, 28, 46, 48, 42, 59, 38, 38, 41, 39, 52, 34, 20, 22, 16, 20, 27, 	18, 33, 33, 27, 22, NA, NA, NA, 21, 25, NA, NA, 42, 38, 24, 22, 20, 26, 43, 46, 45, 38, 45, 26, 23, 19, 30, 48, 56, 43, 49, 18, 26, 20, 	19, 21, 14, 14, 27, 33, 28, 32, 27, 28, NA, NA, NA, NA, 23, 29, 23, 23, 35, 21, 29, 26, 26, 53, 103, 33, 20, 54, 44, 53, 70, 57, 69, 51,	35, 55, 43, 45, 61, 48, 63, 50, 22, 14, 29, 41, 50, 43, 18, 15, 17, 11, 28, 25, 30, 24, 20, 9, 19, 23, NA, NA, NA, 16, 15, 17, 33, 28, 	34, 25, 11, 12, 22, 19, 25, 23, 44, 47, 62, 76, 38, 62, 82, 94, 81, 60, 93, 86, 56, 37, 30, 19, 30, 61, 54, 21, 24, 25, 19, 16, 20, 22, 	29, 37, 35, 44, 57, 37, 36, 52, 42, 27, 26, 36, 39, 31, 25, 28, 28, 35, 35, 27, 21, 17, 22, 27, 21, 17, 24, 23, 30, 34, 28, 24, 29, 31, 	32, 26, 27, 23, 17, 24, 35, 20, 22, 20, 16, 15, 20, 21, 18, 19, 17, 15, 22, 15, 14, 24, 20, 27, 32, 21, 23, 25, 20, 38, 54, 55, 21, 22, 	26, 29, 27, 26, 23, 22, 28, 43, 34, 37, 24, 25, 27, 32, 28, 47, 54, 38, 27, 19, 28, NA, NA, NA, 25, 20, 14, 17, 25, 25, 26, 37, 28, 28, 	29, 29, 24, 27, 34, 44, 47, 66, 48, 37, 16, 28, 32, 21, 16, 19, 30, 19, 19, 23, 30, 31, 41, 35, 29, 28, 30, 18, 16, 21, 29, 38, 42, 47, 	48, 54, 60, 59, 23, 29, 19, 16, 15, 14, 20, 24, 21, 22, 24, 31, 31, 33, 17, 26, 26, 23, 19, 25, 25, 31, 21, 32, 36, 55, 45, 33, 31, 34, 	48, 37, 26, 32, 39, 27, 21, 23, 22, 11, 15, 18, 27, 17, 14, 15, 24, 30, 35, 19, 21, 44, 30, 34, 32, 16, 21, 28, 22, 22, 16, 23, 32, 36, 	45, 27, 19, 12, 18, 18, 21, 16, 18, 20, 14, 16, 24, 21, 14, 21, 17, 19, 38, 14, 21, 57, 41, 40, 13, 19, 15, 21, 25, 20, 17, 12, 20, 23, 	27, 34, 16, 17, 16, 23, 13, 21, 54, 26, 27, 25, 38, 48, NA, NA, NA, NA, NA, NA, NA, NA, NA, NA, NA, NA, NA, NA, NA, NA, NA, NA, NA, NA, 	NA))